005593
005948
007164
001727
005932
000232
005501
004463
005994
002626
007050
005955
002622
003339
004439
004635
006546
000336
005937
003431
004380
007477
006398
006772
003074
004118
004507
005404
006975
000624
004133
004461
006927
001594
007005
007149
007450
002549
001191
005929
002343
007223
006876
003214
003422
003816
005964
006153
002117
004774
005855
005100
003520
004160
001161
001134
002271
006449
002488
006107
005885
006571
006760
000000
003561
002914
000089
001479
006969
005494
001569
001820
002809
006178
003177
003272
002854
006324
003153
005052
004073
004972
000158
006620
001767
003275
002310
001151
000072
003594
006181
005688
005603
005214
001562
002392
005182
000001
005671
004387
003694
005594
001567
000930
001599
006210
001686
000594
004037
004683
006074
000525
001590
001502
001418
000446
005326
003058
006719
002711
006696
004837
005227
006219
003097
007232
006261
003513
006779
004084
006997
006949
001428
002601
004902
001647
002127
004449
003300
007049
006946
000921
003170
000622
004295
001879
005836
006801
001319
004812
006634
002893
004970
002611
005705
003876
000922
000242
004847
004642
005455
001441
003871
004798
000813
007017
007350
007003
005437
000678
002331
000144
003406
001744
005025
002284
006223
005115
002484
007215
006275
003443
002099
005665
001543
004413
005481
002633
001779
003942
000888
006055
006538
001359
001905
001420
001499
001360
002196
001643
005067
006680
002969
002431
003391
002205
005051
005446
004207
004093
003808
003291
001589
006283
003332
003575
002397
005285
007402
001815
003187
000999
004361
003118
002107
002274
000790
004342
000681
004161
001265
002532
003707
006404
004496
004350
001320
006250
001268
002108
004432
007007
003584
000907
004684
007298
007104
001971
002236
004883
003566
001181
002324
005945
004329
006989
005730
000069
003663
001889
001969
001734
005709
001143
000628
002962
004549
006992
006129
003743
007174
007094
002483
002512
006193
000848
007330
002002
001403
003024
003505
002500
006429
000243
006962
001255
004823
007263
000187
003360
003609
003249
005081
000926
001073
006230
003049
003471
003746
006870
002021
002953
002146
001402
001355
000757
002176
001254
004339
001670
004072
005237
001925
001775
005347
005332
005894
000068
006241
003754
000509
004229
002318
006524
005660
000016
001196
001141
006338
004616
004885
002001
000022
005643
005430
000668
004286
004979
001171
001200
000231
006960
000014
006998
006831
000375
006400
004284
004236
004315
000829
001239
002143
004008
004540
007267
001138
004412
002011
001875
001156
002449
005821
006188
001240
007139
004628
000742
001468
002759
002132
005700
002201
003632
000642
000862
003142
002089
005307
000557
002195
002322
005137
006123
004713
005640
005900
001757
007375
004213
005389
000162
001409
004392
006523
003204
006327
005654
003823
000372
001056
007196
002909
001771
000420
003884
004393
001120
000215
004822
002830
005670
006450
000425
000503
005193
000767
001666
003243
001816
001765
002150
005150
000102
000183
003637
003573
004404
006587
005104
002221
004438
004474
003456
004164
001172
001384
001652
000614
004165
006613
006840
002533
002696
004102
000895
005467
002714
006443
005582
006650
005048
006190
002014
007194
004955
002679
003856
003757
006785
001574
004097
004593
005923
003900
004535
002667
000423
004276
002768
001343
004208
003127
001308
000427
002912
005107
004324
005172
006282
000027
002798
003924
007146
000825
003978
003371
007202
001579
002413
005231
005517
000867
004810
006060
002735
006464
006604
003294
001496
005827
007257
001540
007252
005536
000501
000316
005079
006050
000409
007329
006762
004042
006830
004462
004397
002083
000065
001214
002206
001473
007239
001202
000781
001507
000059
004363
007316
000323
006570
000541
005580
003344
005225
002065
005722
004761
003167
001095
005876
002504
002990
002180
006424
002594
004552
006887
007468
005311
003771
001251
004726
002890
006364
000125
000866
001955
004606
000177
006724
006869
006187
003338
004587
003501
001182
000616
004192
006048
004087
000388
007399
001710
000544
005615
005756
000350
001838
005180
003578
003387
002105
000339
000840
006556
006471
004045
005865
002541
000523
004677
003690
005726
006172
002838
002444
004128
003155
000461
000449
004610
002904
001849
000487
005466
003843
006204
006542
004754
002360
005197
002908
001933
005110
002200
000408
003010
005296
006426
002347
006885
004502
006135
005460
005790
004266
005692
007218
001918
006599
006707
001836
007273
001913
004626
004788
001094
001447
003586
001152
004450
006390
001383
005119
004079
003821
003738
002187
003863
003445
001310
000010
002344
001745
004917
006689
000672
001491
000249
000066
005459
002579
004833
001770
003684
005429
004806
000566
003512
000675
002637
006222
005440
003614
002707
002181
000205
006132
001101
000702
000086
004733
006342
004802
006168
005394
006874
006397
001230
003322
002945
004318
002341
005896
003424
005604
002249
000667
006710
001547
005748
005740
006087
004032
002865
003453
000438
004002
006186
000968
001534
002560
004563
005716
005060
004674
007109
003096
003698
006020
003150
006515
005898
006695
002916
006677
000517
004993
000655
001316
003521
004663
007185
001064
000854
003911
004619
002189
006265
002372
006109
006698
002880
001179
002137
002602
002627
003343
001397
002766
000211
000690
005129
001634
003205
006610
000083
001483
000964
000637
005380
003634
002923
003202
001135
003359
001224
004920
003090
001313
001369
003185
006676
006872
001518
000723
000331
005696
005966
003805
004506
003451
006664
005142
000711
002513
003363
003764
001822
006411
000309
003132
005775
004388
000686
000260
003134
003659
004056
002621
004226
002494
004529
005093
004879
006588
003797
005717
005427
005621
005381
004697
004451
005816
005826
003593
005831
002227
003200
001431
002475
002868
003848
002395
002806
007020
002094
000872
002220
006656
003259
000939
004241
003476
000865
005800
003675
003881
003889
000961
006761
004936
004509
005469
005679
001465
000374
002734
001904
000257
004471
006054
001866
005011
002398
001639
001721
004035
001560
004813
001350
005157
004395
001186
003770
006385
005014
004696
001717
006898
000567
001280
002427
004641
007119
001471
000197
005410
006679
001917
000884
005998
004759
005434
003903
002729
002253
006458
001110
003721
002346
003449
000287
005745
003543
006848
005228
005516
005086
002507
004114
001312
007073
001321
007422
004946
001738
005345
002843
002286
006755
001903
002757
001098
000574
002738
006435
002492
007357
000248
001773
006263
002078
002991
003842
004903
006828
005782
001842
001769
005452
002932
006137
001685
007343
005315
002981
000842
002183
003672
006811
005453
007315
006835
001663
002295
006159
003938
000941
001505
002725
005074
004475
000553
002241
001501
004013
001513
004828
005721
006104
002577
007016
005379
000036
007345
002199
003610
003138
007467
000521
004907
006301
000910
005515
001088
002172
006672
000876
005482
003304
004796
004049
003715
000966
003890
003716
001888
000714
007448
002525
000052
006345
002772
002304
000949
003838
003652
004546
007305
000491
001847
000391
004285
001253
005125
006051
002763
001510
005496
001027
001111
004041
004795
004678
004986
000864
003627
005723
005177
003701
005521
002857
000960
006782
003854
003992
000899
004256
006641
005478
002268
005576
000250
004877
003592
005988
004055
003503
006793
003412
001378
003175
001655
002048
002375
005318
007245
006730
001145
004085
003913
000651
003367
004743
007353
005858
005359
003346
003932
000129
004889
003233
000795
006058
007115
003198
001549
004892
004189
005499
007306
001133
005203
002013
000039
000518
000415
006239
003929
006098
003557
004178
004876
004590
004237
001965
002530
001406
000094
003742
002491
003761
006799
001012
006918
006721
004542
004185
004591
002527
002930
001173
007351
002739
003348
003225
005982
005773
000970
002975
002917
006498
002775
006463
001545
000478
005793
003165
007168
006717
002203
003019
002301
003585
002876
006690
006496
000538
004826
001026
000042
007433
003787
001148
001989
002816
000450
004151
006683
007096
004981
003418
007255
007323
007318
006254
007084
000933
003433
000220
007113
004757
006418
000034
004915
005600
002705
003340
005166
005548
004653
003042
006268
001698
000284
001421
006700
001276
000011
005712
004717
003381
006815
001519
004735
006550
007368
007372
004865
002016
004188
006532
002422
002145
000919
005483
006213
003353
006744
002849
006851
003611
001944
003763
006833
002121
000206
002389
004577
003206
002130
005094
000897
004063
004150
001615
006622
003604
006461
003682
002148
005672
005866
003136
003141
003928
000685
007080
004409
001077
003070
005710
006963
000534
001107
004147
002080
005283
005795
004125
007126
002329
006601
002755
000852
000782
004064
005566
003841
000146
006156
003773
005183
002081
002796
005565
004312
002613
006052
004744
001638
001364
006826
000127
006262
000693
005267
001299
006973
000923
001927
007247
005083
001085
007475
006636
005136
005218
001962
001477
003278
005550
003755
006122
004282
003528
002939
000381
001334
006308
003103
001514
001054
005606
000650
004571
000479
003730
003073
000914
006161
001945
000929
004688
004348
005533
002985
000244
003994
007233
000987
007001
004842
001617
007143
006932
000623
003158
001556
006770
004302
006383
004789
003257
002732
006399
006528
006627
000301
006157
005683
004958
003242
001045
001061
002403
003455
001542
001248
005493
005970
001985
006896
005010
000975
004900
006902
000648
006430
002194
007192
001603
006073
003991
000630
007033
002643
005817
006361
004725
000473
000551
004366
006839
000281
002784
003895
003877
003105
007437
003670
005833
002456
003601
004578
002440
003702
004673
004730
000674
001739
000981
006934
003581
001259
000440
001693
004142
004184
007051
005416
007079
004448
006076
005276
001453
007204
005622
005473
004815
006494
006786
004718
000090
007342
005185
004731
002131
001863
002302
003963
005280
005026
005704
003148
006864
001705
002978
000967
005174
007480
003930
006880
004695
001966
003571
006487
000804
005587
003613
002769
007230
005985
005505
005462
001124
001467
001470
001675
006220
004977
002193
003572
001525
006818
001844
000413
004897
001184
004645
002546
006706
007199
002314
007405
002051
000100
004559
006564
001804
005235
000324
001260
002986
002963
004914
006108
002237
000827
007029
004961
001381
000300
000645
004486
001990
001742
004690
004765
004573
000422
003858
005122
001247
000749
003115
007356
004383
004166
006883
003221
005353
002505
001192
002631
003921
004891
004358
007321
007013
005363
006082
001288
001183
001374
000472
002144
005248
007127
005702
007378
007251
004931
007403
005291
006578
005266
004446
001497
006921
006031
005002
005017
002727
002502
005859
000128
001013
002363
004186
006529
005220
006509
004069
005903
005785
004859
007285
004604
006836
003488
000785
002085
005190
006508
001991
002902
003260
006415
006011
001174
000163
002585
003547
000175
001119
001261
003537
002968
000662
007041
005697
002028
003149
003523
000658
003731
006293
001314
004059
001564
006130
001059
002437
001002
006720
002378
001548
004534
004584
003022
003798
001082
002887
001469
002913
003922
004233
006539
006609
005062
004770
000251
003703
000763
000519
007071
002519
005252
005934
004317
006271
004132
002348
007090
007069
000080
005804
006495
002486
004335
001906
004455
000969
000850
001911
003003
006452
002091
004292
004654
001301
003201
002510
002373
006375
000193
001612
004629
002120
006758
002553
005758
006102
001871
005170
004173
003319
006106
005676
006735
003157
001791
002129
000216
004113
001817
000494
006138
002430
001195
002557
006516
004906
001053
000179
005178
003416
005066
004018
006306
003044
004671
003947
003577
003569
005523
007095
002170
000468
006067
006071
004197
004153
006806
005624
002645
006281
004428
007038
005907
004075
006297
003979
006615
002264
006639
007463
003784
001596
005090
001677
005657
001460
000402
006158
005411
000132
002316
002534
005760
000590
006387
001215
001237
004523
001443
000853
003958
000012
005938
000329
004495
003850
005920
004566
002604
006057
000909
002006
001386
006850
003101
001704
006518
006249
001104
001597
001199
007047
000820
003695
000638
000234
001087
002111
003089
000460
004078
001640
004691
000404
006712
003480
004258
005925
002943
002379
006231
000428
001311
005059
003357
001855
000117
006675
005701
005112
000878
001774
004346
003925
001633
004230
000531
006065
005033
004716
003293
004275
002511
003203
001246
006269
002620
003131
001461
005519
007453
006414
002087
006310
004468
003563
005976
001213
005995
001243
006466
006691
000706
001908
000800
005236
005000
006034
004360
002661
001870
004942
001828
006380
004807
005488
004834
006548
000955
001290
007355
006416
003693
001950
003000
001982
005627
007075
003207
007460
001858
004617
004139
004104
003477
001554
005085
002101
004631
001070
003121
003481
003271
002827
001391
007060
006133
000073
004990
005602
004797
000119
002477
000699
005579
007014
005306
003420
003560
002559
004737
005468
005574
007222
002625
000994
006911
000514
000719
000555
000319
002718
000229
000191
000021
005618
005912
002592
005441
000917
000797
001940
002630
001731
002578
004965
000718
001669
002365
007031
006686
007314
005405
000075
005598
000436
000004
005375
005718
001610
004819
000227
006010
001069
004589
001245
005342
002929
006968
000713
000030
001346
004752
003120
001539
000430
000812
004536
002947
002995
002428
004408
003369
001664
005543
000055
004530
006794
004873
005474
003697
007381
004706
005990
004006
004547
004808
001550
003314
006953
001380
001014
002733
004249
004913
005553
003189
003290
002429
002709
002451
002723
005914
001435
000465
003793
003708
005549
003038
004140
003851
002326
000252
000815
004950
002567
002992
003324
005058
006214
004003
007183
006357
006638
005268
001205
005835
000886
002743
001034
006101
003622
005905
003410
000189
004222
003437
006053
001608
007425
007465
004232
004869
003969
000293
001003
005105
003949
000455
006774
002670
006888
006576
003674
000688
007379
005870
001037
002818
001392
003629
007182
000269
005242
006201
003277
004351
005421
007449
002951
001445
002254
004644
002521
005056
006423
005439
005608
004727
003987
004585
007012
000126
000214
003692
004225
005234
000202
004682
002168
002010
006394
003599
006004
000586
002208
000905
004794
006480
006807
004320
003444
000255
005619
006626
000160
004038
007389
001895
002717
004967
003633
007039
000166
007187
003847
007344
004070
002369
001809
007157
000190
001511
001328
001891
004978
004269
002054
001150
005360
001557
004916
005942
007336
004784
005860
003284
007289
002315
000061
004027
004331
000259
000948
000985
003915
003337
001439
001876
000007
006684
005724
003852
004651
001373
003655
003061
002244
003977
006066
006005
004000
007432
006748
002178
003962
006843
003676
000603
000636
005055
007472
007097
002934
004520
006344
002712
000256
005365
006025
005862
006326
007147
004176
000839
002821
005368
006991
002248
006272
002624
000358
006036
002653
006183
002883
005038
002311
005695
006540
000477
005656
002487
005168
002009
000915
005739
002889
000267
000546
005524
003691
003438
002136
001830
000849
003248
004767
003467
000725
002043
003265
002609
000596
000732
001781
001963
003747
006827
006813
004111
004464
000799
003641
002448
004692
004283
005226
001419
004071
006928
002012
005744
003376
006422
007250
004953
000159
000347
006773
003726
000803
006621
001361
000024
003849
003083
003882
005314
004218
005767
005167
001204
000591
002473
001362
006440
006665
005612
000156
002595
005786
002414
007088
004627
003144
006041
006754
006476
007221
002785
002293
000088
003869
004271
004503
000044
005245
000752
000710
004005
001768
000230
002941
001749
007053
002805
006954
002701
005436
005344
006286
003779
005551
006339
004941
005872
005431
005207
003273
003349
005341
004011
001527
004026
007036
002926
006355
002239
005732
002801
003325
001414
000778
002166
004494
005678
003287
000633
000891
007443
000880
005788
002815
004096
004411
001642
002213
005412
006567
004356
007177
004575
002748
000761
002660
005423
005918
005082
001271
006947
005447
002095
002787
003868
003671
006428
001541
003681
001931
000318
003638
003552
000354
005188
006371
006408
006810
004595
006363
004872
006115
005117
006474
007019
005313
000588
000400
004840
003078
002232
001305
004508
004196
006173
004994
003009
004570
005337
002642
000587
001853
005546
001552
002406
002989
001330
003896
001949
000490
006346
001504
003518
003564
001684
001671
002844
006596
005946
003517
001553
006740
006631
005021
000085
000844
003056
004478
003766
005300
000386
004762
004205
006561
004912
004082
001007
001170
003491
004544
003711
004909
000758
003311
006614
006663
002259
001576
003351
002983
000682
005801
003462
006321
001724
005961
006944
004234
003160
001207
003650
000564
003565
003734
007108
002471
001690
004636
002558
005544
003474
005613
002972
003643
004871
002848
006384
000271
000946
005334
006044
000224
000437
004919
000476
000141
000665
007457
000944
003745
001130
003945
005661
005769
004707
006521
003768
001323
006218
005039
005308
000951
006143
001626
005403
005255
002695
006555
003591
001159
000963
006765
000149
000272
004215
006987
003080
002443
002279
005950
005815
000780
003510
004790
000364
006451
006525
004579
006545
002628
003933
007129
004092
000051
006859
000035
004031
002162
005651
001038
007260
003230
003246
006125
001178
003825
003507
007392
005749
001561
006124
006531
007206
002590
003796
007140
003161
007387
006012
000371
002863
004600
005989
002807
002802
004436
006931
005764
003964
003076
006655
003269
006277
002828
003880
005518
004878
004613
001988
006013
002210
003883
005891
003027
006584
005669
003055
003236
003222
004510
005824
000857
003719
002697
004568
002740
006832
001102
005846
005199
006957
002716
001137
002069
000110
005139
002312
004376
006837
005931
005165
000512
007054
006312
004466
003208
007171
004204
005006
004010
002853
004667
004753
005882
002003
001142
001486
005289
002370
004155
005299
005508
001100
000745
002884
001292
001935
006233
003551
004649
003190
003001
007212
000726
006229
001915
001433
003767
006148
007426
005145
003661
001995
006909
006629
004928
002283
005751
006589
006462
002537
006340
006095
003927
005176
006967
005714
006716
007462
002152
001587
004074
003280
000887
004932
000847
003446
003995
004905
006278
006499
006412
005425
004991
002084
007018
005899
000913
003035
003241
002340
000736
001272
004398
001298
002467
006734
001349
006311
006483
002522
007365
000365
002165
005852
001648
003262
002864
007284
000661
006431
004325
001909
004655
001660
000153
001826
001530
005854
000362
002850
000652
005148
001936
003209
006377
003723
004852
003383
003923
002308
006903
000307
000452
000283
006585
006169
000973
004712
003384
003298
000644
002020
002550
002949
004685
001801
003760
000481
001714
007299
003143
002728
004652
006379
005527
001605
002033
001162
003966
006977
006110
003071
001344
005215
007303
006961
001353
000621
003239
005520
003605
006445
004479
002292
002025
003482
003635
000793
005841
007256
002617
001737
004034
005175
002050
006882
000889
002693
004336
000791
001811
006171
003700
002780
006200
001228
002563
004007
000971
005202
003845
000769
004094
000228
002616
004046
005407
004963
003045
000254
000270
003744
000772
004212
007334
005080
002055
000277
005277
006766
002037
004638
006803
003527
003834
007006
005223
005247
003603
001303
003806
006481
005868
001388
006029
005699
001287
003472
004272
005409
002215
002777
004328
006289
004870
003352
006436
000130
005463
001495
002493
004033
002569
006640
001947
005630
000607
002159
006170
004103
004720
000223
001627
007134
002417
006600
003426
004669
002317
003732
000945
005969
005458
002570
001208
003608
002209
003440
006343
000118
002351
000613
006242
006878
007413
001371
005545
000225
005540
003972
000099
004009
001158
004180
005954
001198
002299
003919
001528
002064
004243
004187
006288
004036
004766
002764
005498
000304
006661
001886
006557
000295
004857
004625
005163
005971
002123
003989
001042
002648
005269
006777
006491
002835
004583
002976
004939
007224
000253
007010
000064
001972
005211
003470
001341
006081
000846
001864
002581
001894
006935
002944
006865
005733
006812
006039
006352
003686
002269
007207
003976
004538
003967
001074
005825
007026
000535
006552
000432
003886
007211
000054
003255
007103
006217
004245
002160
003906
006715
001658
002036
003417
001585
004261
001136
004025
002031
000774
003862
006244
006150
007366
002229
000385
004924
004391
003364
005395
001009
003447
002404
006563
004442
006332
007290
003023
004525
006879
002008
000695
003809
001900
000418
001994
002676
004722
001661
003506
000559
005984
001629
003099
003931
000819
006203
004327
007269
003653
006743
005343
003645
005979
001000
004117
001707
002097
001234
001789
001974
003736
002423
004701
003400
005258
007416
005731
003084
004407
002615
004643
002874
003113
005706
003948
002445
002465
003068
003853
004734
007193
000700
000101
000735
006235
006654
004051
006113
005685
005526
007471
000599
000441
002321
003211
004288
004062
005781
002640
003415
007040
004004
004396
005096
004242
005792
002779
001910
003677
002832
002478
002752
000855
000753
001297
005109
001883
003762
006769
001398
006253
001760
000851
002920
003427
005213
002349
004435
004723
004254
003887
001848
003846
001160
006658
007313
005555
005823
000384
003092
005503
002644
002928
007173
001588
007253
000721
003060
005156
002039
001631
001340
003380
004298
002411
007059
006503
001482
003516
007086
002086
005126
004647
001546
007446
002895
002300
004122
003212
003750
004680
003166
003053
007043
003182
001154
000784
003238
006633
001645
005310
001039
004756
002744
001868
000529
004058
003899
002897
007011
002057
004419
006103
001393
000965
000106
004709
004246
000043
000810
004484
001448
000528
005078
003028
005765
004776
003926
006405
005333
001139
007427
002158
001466
004162
006674
004845
000116
003434
006895
005030
000715
006247
007118
002112
005947
007151
005054
003562
007337
000506
007474
004849
001132
005003
002336
002762
000484
007404
005323
002399
001508
002496
000458
001437
001112
000176
001201
000826
004077
002319
002042
004921
001752
003403
002046
002999
004648
003245
004785
005413
001583
002263
006403
000327
001892
005257
002998
006455
004581
001763
002469
004481
006753
000208
002000
006425
005703
002589
005650
006648
004576
005297
006376
003011
003054
005972
001430
004661
001577
001263
007156
005631
003778
004700
005558
004270
001335
000178
002004
004362
001249
000357
000373
003685
007349
006064
001046
001211
004755
006862
004541
000317
004219
003171
005638
005018
004868
004975
006391
005077
005614
003812
001586
002419
002126
000096
000053
005128
004699
006642
002068
007304
003365
000739
003774
005892
004202
003146
006939
003794
004650
005960
003059
000499
004341
007266
003251
000122
004714
006147
005024
007244
001694
006490
006294
001723
004022
004089
004167
005461
006980
003879
003320
000605
005076
005088
001267
002831
002797
001427
003549
006000
001720
001165
003870
002358
004522
000632
001746
001964
001004
000182
006628
006731
007459
001897
007455
005500
001997
006302
000198
002287
006623
004988
000194
007400
006644
003196
001952
000157
005878
000900
001929
001293
006933
003818
003612
003047
006750
006593
003535
006904
002538
004969
002277
004309
006687
006315
002681
004962
004881
002416
005401
006105
001128
000154
002472
001157
006982
004724
000694
000312
003316
000062
006673
002612
000429
004081
004235
005212
005616
005922
002761
004524
004895
005653
005681
004382
000108
000729
002959
000485
005279
006930
005771
007254
002255
003539
006573
003935
005149
004488
006965
005127
004675
004875
005219
003039
007423
000013
004443
000890
003878
004850
006032
006198
001619
006362
006781
006517
001831
001632
002151
000123
000417
000171
005561
002388
007479
000997
002096
003468
003509
003479
005210
006334
003152
002246
004418
000520
004260
004899
003705
001796
004374
005673
002093
003327
003971
000986
004763
006856
007373
005856
000733
004539
004414
006460
000140
001692
006906
002040
006984
000831
000399
006891
003119
006522
006575
005217
005435
002911
004020
002655
007165
000237
003043
007341
004305
003050
000837
000707
005850
003959
004838
005633
007274
005663
003361
001523
001347
003439
000737
006206
000111
001621
003452
005209
000049
005192
000041
006553
006365
003792
006331
005442
005027
004957
004194
004214
002459
004445
003689
001449
005628
005198
004738
000898
005644
004177
004482
001939
000174
000346
004551
005805
001736
005887
004228
003602
007346
002872
005155
005763
006795
004369
001125
007439
004672
005838
002169
001489
000727
001275
002270
001850
006814
001635
006635
003546
002243
004345
002503
007203
006875
002497
007275
000802
002746
001814
004148
007161
001194
004440
002339
006489
005274
007145
004429
000352
006119
001304
005999
003664
002656
002219
006668
006100
003974
005130
003065
006484
003827
003104
006912
005539
007231
000918
001209
000038
000834
000618
005352
006360
005464
002781
002098
004894
006560
000199
003920
003193
003985
004098
004996
000592
000274
005853
000098
006224
001920
003172
003861
002035
000639
005940
001598
006285
006381
000380
003737
005068
002871
003475
005649
003405
004183
003983
000731
000031
006608
005301
006225
000746
006558
004263
005844
001609
006669
005652
004381
000505
005095
003395
001860
002618
004171
005567
004106
007067
006406
003379
005889
003460
004943
002059
006336
004100
002671
004300
006160
003373
001375
000629
000656
003234
005044
005698
000896
004689
000235
007166
002731
000303
000728
006994
003429
006021
000278
005584
007385
002482
006370
003776
003709
000341
002742
005009
002654
004521
005244
004347
002573
003678
001478
001481
006841
003108
007339
003713
001907
000832
005361
005875
001273
006228
000602
005372
004769
001526
005691
006162
007225
000390
003706
002773
006300
000989
005057
002441
001175
006072
001792
002106
001396
006577
004987
001651
002261
007155
006756
006240
000597
004918
007052
005506
003330
002847
003679
003407
000962
005780
004314
005288
000858
005791
006094
006825
006579
005759
004839
005286
005933
000527
001843
007135
000040
006776
002524
002987
003820
000104
006356
001665
006820
006146
000173
004934
006916
001943
000314
001807
002330
000009
007148
002636
001691
006796
007466
002933
005246
003828
004231
006417
005992
002022
006131
005677
002520
007258
007420
005350
001862
005787
007470
006511
006929
006374
002489
002974
002480
004043
005417
004777
007271
007421
001176
001573
006554
002811
005362
004110
003306
003413
001711
003885
000361
001937
002783
004800
006351
002906
002861
005996
005978
002396
001787
001480
004588
002575
002770
001122
005222
004012
000097
002658
005489
004357
001563
000906
005762
002741
001998
000394
003961
003960
005042
004908
006116
000279
007328
000756
002103
003317
001060
002756
005015
005120
005956
004422
005967
004527
004483
004297
007327
006526
001654
007128
001487
006725
001051
002730
006001
000856
006955
002523
004515
006337
004280
005196
005959
003341
001416
000868
004935
006008
005943
005282
005532
001387
002356
001283
001385
004662
006899
005290
002100
005294
001558
006085
000571
002704
001285
006983
003829
003268
004598
007131
004459
004099
002067
007310
004964
001131
006502
003186
002543
000192
006728
002218
006402
006559
007125
003308
003499
005321
006447
004355
005904
003511
000908
004560
002652
003493
005926
003998
003315
004601
004983
006396
006433
001226
003589
001436
004888
002141
000333
006569
001954
000453
003894
004855
000738
003114
000486
005820
002454
004083
000816
005845
004721
000821
001324
000403
003916
002383
006279
003534
001683
000074
006708
006319
005020
004277
001582
001250
004403
002896
001389
005554
005609
002501
002390
004976
002610
005684
004938
002102
003541
002566
002659
001753
001653
005072
007376
000663
003077
001759
002367
007083
006238
004159
000510
001503
001922
001452
004321
002851
001613
005822
002952
006860
003486
003375
002842
004856
000273
000296
006086
004666
007259
000313
006083
006619
004319
005399
005387
003281
002703
000879
000748
005789
000841
005986
004477
006372
004532
001454
001975
001571
003951
004021
001551
000258
004607
000998
000393
000482
002720
007326
000585
001446
002400
000959
001236
000722
001912
002442
001041
004760
007091
006175
002385
002771
002964
003802
004836
006465
005993
005664
003253
002957
000142
004820
005414
001687
004764
007117
003495
003057
000353
000561
005251
001395
000836
000581
001126
002564
006988
003299
004199
003151
004290
006320
005588
004281
002649
005036
004458
005312
001951
004782
000920
004621
001953
001766
003021
001983
005965
004597
003817
006177
000020
005303
003498
006395
006942
001257
003254
002139
002973
000498
000203
004201
005189
005491
002155
004615
002820
003988
004410
006606
006167
006075
003393
007276
005818
001762
001368
006804
007391
000532
000167
003378
005522
000687
004170
007098
001451
002052
001169
001071
000990
000184
007176
000984
002420
006456
005774
003030
006251
006096
004668
000543
003844
002405
006037
002858
004179
006382
001978
002700
003588
000246
000573
002683
006439
006871
001382
006787
006026
006749
005902
001295
006597
004995
005249
006354
002829
001960
005408
003052
006950
003040
005646
006536
004772
002606
007280
007048
005906
004816
000289
005557
005022
001048
004067
006388
003533
003981
002045
005626
002499
003210
005935
005075
003014
005586
003002
005810
003012
003954
004848
006295
005398
000298
002192
000750
007279
002424
003579
006549
003536
000419
005611
005092
001980
003377
007374
004956
002007
001916
007397
001296
000445
007424
005583
002073
003093
006699
000048
006534
002584
005928
007180
000762
004911
004024
006421
002737
004378
006256
003372
003799
002803
006657
007370
001516
005070
001782
004265
004944
000320
000345
004608
003430
003487
001365
006739
000764
005204
005747
007469
006006
003087
007056
002297
002294
002114
005877
007278
006979
005847
002325
004745
007261
002415
000222
005158
000978
002967
001425
007106
002924
001444
002062
005534
000883
002903
001472
000480
003301
006353
006195
003888
003355
004779
001827
001078
005924
006797
006264
004127
000720
002463
001309
006329
004068
007236
000689
001725
007198
007454
002690
000370
004992
006986
001672
000912
003625
001538
001266
006046
007265
006185
001628
000282
004750
006022
000788
007216
004930
004086
003031
005893
000315
002167
003229
001740
002765
002668
004805
003176
006618
004827
005819
004775
004886
001764
005173
000522
002354
006501
006208
005806
005981
000634
000988
001880
000411
007407
001810
002938
005917
006784
000556
001741
003617
002910
001729
004278
000464
000806
000536
003636
006718
002958
007394
002699
005221
003667
000676
001722
006280
004517
004206
000238
004313
001957
006369
006212
005159
005690
005911
004890
001575
001845
002518
001959
006292
006574
004596
005711
004513
003934
002799
006565
002381
000368
000247
005013
005799
000306
003749
007197
005507
003952
006243
007382
002980
007415
003526
004238
006246
004316
006653
001846
006290
003583
003590
002845
004090
006493
000902
006118
003631
002789
000608
001832
001500
000137
001784
005295
003775
002687
005151
006751
003086
005798
000570
001432
003970
004296
000105
001650
006645
001688
000077
001735
005045
003423
003997
004473
001459
001415
004457
000560
002063
006925
006252
005728
005869
000172
003112
005595
005881
000766
004693
004746
005849
001229
002651
002548
005530
007288
004863
003786
002855
004614
003832
004262
003545
000830
004050
004948
003657
000351
004586
004385
007309
000540
007188
002632
001794
003597
005607
002680
005968
003956
007410
000239
000684
005811
000335
002804
007027
001570
006920
001898
002691
004088
000161
005029
000773
007021
004657
005186
005492
005132
002846
001221
005241
001399
000789
001857
006651
004952
007440
002866
000151
000809
003529
007369
002077
000407
005556
004514
000755
005510
001733
003183
005511
000932
001641
005666
001800
004740
006042
004338
006637
000169
004248
006043
004537
006678
002673
003390
006127
003081
002173
001106
006852
005808
007186
005897
002334
005023
006142
003525
004371
005884
006273
002038
000893
005589
001464
002749
002410
002790
007242
005133
001043
001274
004637
002970
005406
007361
006605
004548
001777
005272
005012
007002
000067
007296
005325
003237
005123
001322
000276
002629
003801
004416
007282
005377
004809
004372
001075
002940
001825
004255
006457
003826
003227
004818
000310
004569
001902
006838
002041
004311
001970
001342
007312
004344
005642
001813
002657
005840
005737
004500
000265
000081
001521
002901
002931
007359
006093
004783
000456
000226
000901
003435
003980
005601
003620
000869
007070
002888
001277
004406
001565
004108
001005
003729
006844
007025
005743
003574
003473
005371
005909
000747
001485
006829
006913
001219
003648
000741
006434
006317
001455
005448
006309
002075
004105
000209
006630
005694
004227
003130
005839
001948
005623
001413
005004
001555
003463
007283
007116
007331
002869
006492
005668
001702
000305
002135
002988
001203
007268
002076
000811
006824
005736
000835
002878
005187
002281
003918
002542
007121
004739
002190
006702
002364
005355
007320
005349
005590
002387
004014
000180
006023
006941
001168
007447
006763
003051
000996
006886
002813
000563
000798
002614
002224
006099
001232
006166
004367
006512
004557
006145
000496
005050
001001
003483
003334
005043
003615
005639
003598
004623
002715
002634
004898
007235
002216
005977
000870
007458
001327
000070
001821
003032
003897
006547
006682
007112
005509
002345
000240
004279
006697
006582
007301
003996
005674
005564
000979
002384
002353
004640
006061
005336
000724
001993
006940
006867
000925
004851
002222
001116
004172
001919
002937
000779
007371
006468
000212
001544
005879
004174
004145
004960
005147
000934
002276
002979
005424
006757
005575
000426
006551
001065
003321
001083
005944
000671
005335
004925
006266
003026
005752
005513
002401
004052
005707
004504
005154
001066
007130
003957
003669
002282
002702
001147
004365
000467
003874
002278
004679
000063
005091
000554
004168
000615
007154
005974
003623
000659
003530
004997
005284
000598
001410
000233
005367
002418
004945
000903
001790
006747
006144
004066
006453
000759
000783
004499
001155
003331
007015
006314
000627
004472
006485
000664
006003
003986
000928
001225
003261
003765
005504
001092
006018
005357
002134
002588
002017
001113
000692
002260
005770
001462
004497
007476
001798
002977
005766
002526
005270
003305
003128
001105
000181
002481
006248
002508
003164
003292
000322
006926
003312
003013
001973
001062
004287
000330
002225
002984
005812
001793
005667
000952
001934
006652
005444
001086
006513
002907
004156
000843
007191
002350
003064
001317
000466
005400
004401
001220
004773
005531
001924
001442
002157
000956
005140
007228
000595
001604
000911
002030
003402
006152
003457
007141
003813
006685
004431
005032
000620
004040
004163
005919
004203
003389
006419
005610
004220
007347
006590
005200
005327
005742
007162
004415
001332
004736
004247
001981
006473
004634
006519
006900
007114
005562
007214
001103
003550
003333
006349
001595
002607
000495
007417
003649
005560
002860
003017
005324
003419
003029
005768
005842
003247
002817
000814
002539
004141
005568
001709
001536
007077
002862
005715
002460
001269
002273
000047
001492
005232
003558
000469
006267
000712
006711
005393
001719
007123
002726
002545
005794
000290
007201
006595
006359
002434
005305
005807
007208
006889
000526
006350
001713
004937
000124
001896
003704
001877
002572
004884
000500
005298
004453
002946
006752
005369
005370
000148
001376
004582
004209
004491
001020
004612
004609
005720
007300
006227
004293
002468
002407
005886
007042
001572
003232
007333
005443
003504
003489
001318
001578
001474
004817
002751
002678
003553
002881
004101
001659
004399
004665
000218
000032
000548
004910
000195
004138
005089
002495
003432
001096
005949
007311
004704
000612
003318
006873
000808
002188
006722
001509
000601
003782
006767
003286
002230
007319
007322
001210
007431
005240
005046
003263
002825
000873
002669
005256
001129
007137
005693
002927
007058
000670
006808
001270
006694
001730
005382
000071
004137
007324
004518
000617
003079
003943
007078
003840
007082
005648
001140
001490
005146
004030
000369
003409
007099
001662
000871
002104
002426
006783
005206
003618
001282
003748
000776
003188
003875
004470
004119
002044
006617
002619
000754
003454
002674
003110
001676
006221
001357
003783
004545
006409
000576
000530
006207
001882
006504
004307
006834
006660
002641
001307
001019
004264
001189
006378
001057
006914
003789
004425
001354
007065
002826
003173
006533
004741
006971
005987
001899
004353
001623
005428
001732
001833
006778
006802
007287
004605
005563
006255
004441
002936
002457
005813
006091
004460
006392
002834
003184
006117
000953
003968
006972
003500
002710
001029
002032
007384
007241
005376
004984
003069
002554
006500
007158
004564
002402
001084
004480
003519
000056
003008
003179
002535
000716
001977
000992
005063
002256
006154
001799
002794
006017
004091
003644
007008
002280
001407
001149
005106
005848
005152
006780
002240
004333
005637
006090
005354
000275
002113
005153
003907
001987
001185
000164
003228
002382
002955
001008
003596
002684
005007
000462
006863
001475
005432
004427
000845
006179
003630
004373
007030
003654
001279
003140
001047
004620
005577
003725
000029
004109
005927
005396
006612
000983
001805
002982
005338
003751
006316
001682
005605
000200
002323
006030
007295
000935
006497
006788
005281
007093
001241
005883
001153
003408
000589
007181
005164
003524
004417
000093
003192
002758
001040
003892
003450
002015
006413
000033
002774
004781
004862
003159
006126
000549
002204
002603
006714
000431
003195
002753
007172
001163
001841
004985
004844
001035
001961
006478
004670
002808
002333
007032
000434
001294
001873
003909
002458
002071
001783
006507
006964
007340
004531
000751
002235
000768
005184
003404
005271
004959
006234
003777
002090
002556
003660
001797
000508
000002
006120
003326
003107
001758
005445
002439
005141
001109
002814
001715
001028
000823
004433
001021
006901
007451
003502
002409
000152
003651
001967
000439
000743
001044
000649
006165
006764
004370
006855
007175
005629
004831
002812
007238
006141
002593
000492
000881
006441
002561
001325
003872
002327
003893
004711
002374
000095
007160
000026
006723
001093
005118
000204
004182
004947
006033
006951
004368
006448
005713
006368
004386
007229
004115
006284
003595
001646
004821
000942
001869
005578
003362
000770
005573
001123
001881
004811
004492
003720
007409
001656
006643
000584
002837
002272
005419
005114
003739
000213
006328
004211
001531
002474
003226
006821
004294
007068
002997
000328
007436
007081
000937
006260
000666
004949
003366
007367
002824
001890
000155
003276
003864
001144
007136
004622
000874
006976
003354
002722
002285
000302
002875
001300
007456
004526
000091
007217
002650
006482
006789
000683
005433
003162
003515
006111
004923
007062
005426
007262
001818
007210
002258
004971
006543
002682
000575
003544
001458
006681
004511
007122
003448
005028
001559
002555
006535
000082
007046
002894
000673
004048
002234
001146
003532
002257
007396
003356
005397
003217
000943
007249
006205
004112
001408
005035
002786
002919
005541
002662
001808
005796
001680
002184
005384
006079
004887
003458
004143
003759
002435
001352
005512
001017
003937
007092
007132
005047
001568
007064
006646
000765
002211
006488
004922
000435
000977
000717
001885
002125
005008
005005
003973
000828
000504
001079
001284
001926
002490
007302
002623
003034
001823
001091
002954
001756
002309
006015
006704
000398
001025
006358
005625
004835
002198
000447
006139
004476
000924
001217
003831
006226
003531
007085
003270
005238
006070
005480
003135
007074
004533
007325
003628
006948
004830
005559
004131
001329
005065
004660
000936
001315
002666
003358
003309
002153
000084
001032
000396
004146
007418
000660
003442
005832
005302
004973
006062
004630
005475
005953
005750
006768
002833
000792
004456
000326
005542
006506
003837
007163
003484
002882
002303
006089
006420
003296
003514
000433
001030
007057
001052
003873
001941
000109
000972
000502
006322
005975
000406
001786
006237
000349
002226
002053
004452
003302
002005
005131
000958
005392
000134
000092
002899
002767
003199
000261
000262
002925
002867
005449
001856
003220
000957
006097
006259
004832
002965
004359
001678
003815
007308
007248
003139
003722
004989
002074
003478
003485
004343
005019
007179
005124
001422
005784
000444
000060
005581
005957
007100
002320
003310
003465
003811
000904
005287
000579
001114
001532
007243
005708
007461
005171
002202
003145
001748
002498
006771
000805
007195
007332
003288
007024
007035
005390
004136
002110
005591
004618
001914
001611
005383
003607
003914
004565
004824
002262
004158
000219
001712
000703
000018
004519
000626
006477
001893
005034
007464
002361
002754
001835
006775
007219
003191
000609
001622
003835
000045
002840
003807
000489
003646
003860
001072
006701
001726
005476
004528
005686
006084
005814
000744
001607
000115
000657
004778
002795
000135
002514
002115
002250
005378
005102
004444
005729
004829
002905
000299
005470
000168
000451
003414
006080
004780
003223
001286
005867
005597
006562
007246
002156
002516
005451
000363
002586
006705
003350
003953
001099
001851
007240
006713
006671
004057
001457
004603
000359
004193
005116
005779
004029
000775
000201
004633
001921
005001
004787
002839
002942
000416
006236
005457
003901
003156
004686
004951
002450
005084
000619
000188
002368
006792
000600
003048
001167
001535
003464
005658
006959
003666
003181
004454
004676
005484
000817
007022
001747
001834
001055
001861
004469
004334
005930
000377
002528
004379
006287
005243
006736
006849
004867
005983
003982
003727
006741
003168
002290
004555
001829
007393
003082
001411
004814
007277
000796
007044
000818
003548
000006
006088
003313
002453
007377
000382
003724
004561
004791
005259
001372
002174
004047
002713
003295
001067
003795
006007
003752
003587
006958
000760
000292
004330
003975
004974
004129
006196
001081
004322
002724
000405
003116
005754
004768
006703
005980
007411
001839
002122
005634
003342
007009
004144
007388
004095
003197
002233
000974
000734
000582
002307
000493
004732
001166
003753
002147
